Matriz A: 
72.4968108 27.5877255 57.1091647 45.4891202 
20.9830927 5.7253639 78.9685049 47.8638874 
98.6736351 38.1351970 1.4743492 49.6313669 
13.0309458 81.4943388 93.8576312 62.8134404 
Matriz B: 
90.3891415 99.1026643 64.8619037 36.7574694 
38.4040956 73.3488266 27.6844081 94.2473830 
32.1318094 76.4124577 3.2931913 4.3959777 
30.6513565 6.2269051 31.8568682 98.2446059 
Matriz C: 
10841.7301761 13855.2624574 7103.2433251 9984.9815258 
6121.0151946 8831.6505442 3304.3586020 6360.3984976 
11952.2151446 12997.7005357 9041.8654039 12103.6309279 
9248.7050537 14831.9411667 5411.4651094 14743.2904957 
